Random Network G(N,p)
N = 30, p = 0.3
Edges = 400
-----------------------------------
0 0
0 1
0 2
0 4
0 5
0 7
0 8
0 11
0 13
0 14
0 15
0 16
0 17
0 18
0 19
0 21
0 24
0 26
0 28
0 29
1 0
1 1
1 2
1 4
1 5
1 7
1 8
1 11
1 13
1 14
1 15
1 16
1 17
1 18
1 19
1 21
1 24
1 26
1 28
1 29
2 0
2 1
2 2
2 4
2 5
2 7
2 8
2 11
2 13
2 14
2 15
2 16
2 17
2 18
2 19
2 21
2 24
2 26
2 28
2 29
4 0
4 1
4 2
4 4
4 5
4 7
4 8
4 11
4 13
4 14
4 15
4 16
4 17
4 18
4 19
4 21
4 24
4 26
4 28
4 29
5 0
5 1
5 2
5 4
5 5
5 7
5 8
5 11
5 13
5 14
5 15
5 16
5 17
5 18
5 19
5 21
5 24
5 26
5 28
5 29
7 0
7 1
7 2
7 4
7 5
7 7
7 8
7 11
7 13
7 14
7 15
7 16
7 17
7 18
7 19
7 21
7 24
7 26
7 28
7 29
8 0
8 1
8 2
8 4
8 5
8 7
8 8
8 11
8 13
8 14
8 15
8 16
8 17
8 18
8 19
8 21
8 24
8 26
8 28
8 29
11 0
11 1
11 2
11 4
11 5
11 7
11 8
11 11
11 13
11 14
11 15
11 16
11 17
11 18
11 19
11 21
11 24
11 26
11 28
11 29
13 0
13 1
13 2
13 4
13 5
13 7
13 8
13 11
13 13
13 14
13 15
13 16
13 17
13 18
13 19
13 21
13 24
13 26
13 28
13 29
14 0
14 1
14 2
14 4
14 5
14 7
14 8
14 11
14 13
14 14
14 15
14 16
14 17
14 18
14 19
14 21
14 24
14 26
14 28
14 29
15 0
15 1
15 2
15 4
15 5
15 7
15 8
15 11
15 13
15 14
15 15
15 16
15 17
15 18
15 19
15 21
15 24
15 26
15 28
15 29
16 0
16 1
16 2
16 4
16 5
16 7
16 8
16 11
16 13
16 14
16 15
16 16
16 17
16 18
16 19
16 21
16 24
16 26
16 28
16 29
17 0
17 1
17 2
17 4
17 5
17 7
17 8
17 11
17 13
17 14
17 15
17 16
17 17
17 18
17 19
17 21
17 24
17 26
17 28
17 29
18 0
18 1
18 2
18 4
18 5
18 7
18 8
18 11
18 13
18 14
18 15
18 16
18 17
18 18
18 19
18 21
18 24
18 26
18 28
18 29
19 0
19 1
19 2
19 4
19 5
19 7
19 8
19 11
19 13
19 14
19 15
19 16
19 17
19 18
19 19
19 21
19 24
19 26
19 28
19 29
21 0
21 1
21 2
21 4
21 5
21 7
21 8
21 11
21 13
21 14
21 15
21 16
21 17
21 18
21 19
21 21
21 24
21 26
21 28
21 29
24 0
24 1
24 2
24 4
24 5
24 7
24 8
24 11
24 13
24 14
24 15
24 16
24 17
24 18
24 19
24 21
24 24
24 26
24 28
24 29
26 0
26 1
26 2
26 4
26 5
26 7
26 8
26 11
26 13
26 14
26 15
26 16
26 17
26 18
26 19
26 21
26 24
26 26
26 28
26 29
28 0
28 1
28 2
28 4
28 5
28 7
28 8
28 11
28 13
28 14
28 15
28 16
28 17
28 18
28 19
28 21
28 24
28 26
28 28
28 29
29 0
29 1
29 2
29 4
29 5
29 7
29 8
29 11
29 13
29 14
29 15
29 16
29 17
29 18
29 19
29 21
29 24
29 26
29 28
29 29
